              precision    recall  f1-score   support

           1       0.83      0.84      0.83     42368
           2       0.86      0.86      0.86     56661
           3       0.82      0.76      0.79      7151
           4       0.75      0.64      0.69       549
           5       0.76      0.38      0.51      1899
           6       0.58      0.68      0.63      3473
           7       0.86      0.81      0.83      4102

    accuracy                           0.83    116203
   macro avg       0.78      0.71      0.73    116203
weighted avg       0.83      0.83      0.83    116203
