              precision    recall  f1-score   support

           0       0.92      0.88      0.90     25350
           1       0.90      0.94      0.92     34017
           2       0.89      0.89      0.89      4314
           3       0.81      0.67      0.73       328
           4       0.79      0.61      0.69      1166
           5       0.81      0.80      0.81      2088
           6       0.88      0.91      0.90      2459

    accuracy                           0.90     69722
   macro avg       0.86      0.81      0.83     69722
weighted avg       0.90      0.90      0.90     69722
